6,43,59,86,56,69,99,64,79,51,41,51,15,68,84,20,20,75,99,6,11,82,86,5,48,49,69,38,96,25,55,72,80,92,85,64,87,43,89,13,54,75,99,30,4,45,71,17,14,44,46,31,67,76,79,61,30,24,52,55,23,50,65,34,57,66,52,78,98,91,77,34,36,2,69,34,66,68,25,2,80,67,41,63,14,95,31,89,66,10,67,42,14,85,18,66,95,16,83,64
69,10,55,57,86,14,18,36,70,49,67,62,27,44,59,20,76,90,56,82,86,19,68,55,55,50,36,32,55,39,41,14,12,61,82,99,90,96,84,37,8,84,90,3,98,66,100,75,6,33,5,61,30,49,92,78,41,74,7,56,21,61,29,21,64,15,77,69,74,40,14,99,41,73,53,43,64,49,68,69,64,6,32,92,47,85,11,52,20,20,73,28,52,23,77,12,67,97,22,71
5,60,87,93,35,73,26,100,1,88,94,82,9,70,95,33,35,25,94,53,70,13,53,95,6,94,99,99,26,44,11,45,16,71,85,64,19,73,12,68,32,27,87,10,53,17,94,48,63,14,39,28,60,39,54,6,31,89,24,70,63,1,33,50,50,70,34,87,76,70,7,48,60,82,8,80,53,4,65,88,99,39,66,61,45,14,38,38,10,61,29,32,5,43,46,13,22,88,10,87
8,48,27,70,45,12,40,23,85,36,82,54,43,26,7,89,42,13,73,70,74,83,30,33,66,39,9,72,58,84,73,51,36,75,38,61,67,59,42,38,90,52,81,80,91,54,10,66,3,14,37,80,16,7,81,86,76,86,12,93,73,59,16,4,6,63,63,59,4,21,68,75,92,12,41,15,20,12,71,44,16,50,40,49,61,67,23,89,92,71,60,59,32,37,61,8,92,49,62,38
53,70,32,59,6,12,8,66,93,45,49,21,26,1,59,48,16,23,49,22,66,64,71,81,89,12,26,42,92,83,62,54,85,39,39,91,95,55,13,87,84,45,56,72,39,64,96,97,14,81,29,80,44,22,57,39,36,60,10,95,84,78,39,83,52,5,33,63,12,7,49,67,14,49,44,61,52,8,84,64,62,78,12,58,13,4,65,25,56,90,38,69,33,70,37,74,39,41,11,72
10,70,12,82,18,65,69,61,78,97,76,46,30,54,29,41,82,36,64,55,52,2,39,61,11,25,82,10,90,46,79,86,59,26,87,58,98,71,58,30,1,35,42,79,89,2,17,32,70,53,82,96,2,55,76,40,13,66,90,91,2,66,90,27,6,80,32,12,27,63,50,80,5,35,66,94,75,61,73,59,31,15,98,99,60,15,78,17,42,61,80,87,95,95,41,56,4,13,80,53
82,64,94,88,67,33,41,39,5,5,42,43,43,28,83,18,63,29,89,71,33,90,57,79,44,69,9,74,49,39,57,68,59,4,47,34,11,1,95,14,65,84,13,63,26,48,98,8,52,95,46,45,23,42,1,33,62,92,4,61,21,53,89,68,85,99,65,22,90,69,32,28,41,78,22,64,42,24,2,23,9,49,52,52,14,19,44,66,12,87,8,22,21,22,74,84,23,93,91,37
82,4,65,99,34,66,99,15,38,98,98,97,12,95,20,97,74,93,20,96,67,52,89,80,29,84,54,64,45,93,82,81,93,48,58,96,18,79,26,68,81,99,66,83,91,89,60,80,55,99,81,46,27,91,48,56,36,44,84,93,47,83,40,80,60,44,44,4,98,30,33,29,60,29,9,5,74,15,59,79,88,8,51,35,12,65,63,26,56,68,100,51,49,76,96,11,91,1,32,44
73,7,48,1,90,75,41,3,71,19,99,63,50,91,45,41,81,6,40,45,12,55,85,5,99,98,81,8,32,75,58,54,58,65,70,44,75,93,99,21,25,63,87,4,90,12,25,37,81,41,80,60,52,6,26,30,37,29,51,12,38,97,68,69,70,35,11,45,100,58,91,72,92,83,47,70,69,54,93,29,60,79,33,99,45,86,28,16,12,79,78,43,45,52,88,26,87,19,29,69
15,32,64,87,12,59,63,43,73,67,87,70,71,40,40,85,7,60,100,9,15,61,90,29,61,22,74,13,6,74,95,96,1,28,97,61,5,1,35,87,7,19,28,41,40,45,8,59,80,38,29,85,22,45,31,37,7,64,12,35,35,32,26,66,65,5,24,33,35,32,46,19,30,18,73,26,96,94,10,93,31,40,20,100,28,86,48,28,24,54,1,24,83,77,61,6,59,33,1,23
66,54,55,62,99,75,16,19,23,59,39,73,25,3,83,62,96,17,41,6,2,77,94,66,26,77,15,99,76,95,88,7,81,52,55,73,8,83,21,76,27,13,85,25,63,66,31,19,51,23,7,4,35,54,97,35,87,30,50,4,7,80,95,24,63,23,98,29,30,81,75,84,55,87,62,70,31,62,56,30,17,24,87,90,95,50,32,30,14,1,89,76,2,89,97,66,57,6,50,98
52,66,65,99,54,24,39,73,27,68,46,35,79,68,68,38,50,84,66,63,97,86,82,49,14,59,44,50,14,52,51,55,61,25,64,68,49,77,67,42,11,58,8,49,57,30,82,8,28,45,6,19,75,14,21,64,46,63,60,54,77,29,63,48,96,59,70,50,19,37,19,17,79,93,91,37,35,69,94,54,34,9,27,75,52,79,83,1,33,20,87,80,79,24,64,28,1,15,99,98
98,41,55,53,71,74,17,38,68,37,25,52,8,84,21,88,76,17,91,80,98,39,1,98,55,41,36,3,36,80,79,29,48,30,58,22,85,100,98,1,49,33,38,89,90,96,8,16,12,27,64,95,42,55,53,67,8,5,10,74,41,2,21,94,18,61,66,19,75,70,9,96,33,20,26,55,39,24,20,34,7,8,54,67,45,28,75,23,35,44,70,39,55,94,78,71,13,73,74,29
65,82,73,48,100,98,76,85,48,63,79,56,40,98,32,79,75,51,100,70,13,9,1,75,83,52,48,6,40,46,48,49,27,66,93,9,100,23,63,15,42,27,27,29,22,70,36,83,89,46,43,95,6,86,23,100,91,100,98,19,68,10,11,25,48,26,33,94,72,64,21,73,10,6,23,23,3,21,53,24,66,93,56,74,31,97,15,68,93,56,89,32,5,3,90,14,22,49,32,34
81,72,53,81,29,87,88,74,63,82,89,16,1,6,14,47,84,100,66,35,47,74,9,57,84,50,59,15,89,85,83,69,26,90,87,28,1,92,7,28,39,56,16,60,1,21,14,31,98,44,91,46,40,20,57,95,29,21,66,43,56,33,57,21,85,66,2,95,19,97,56,14,45,55,24,91,64,4,13,55,25,21,97,44,47,100,7,99,89,39,47,49,52,57,23,53,83,34,61,100
46,97,100,23,42,9,36,58,24,2,92,57,23,46,68,82,16,36,11,95,66,34,27,30,84,66,15,90,3,40,33,21,49,87,17,87,55,65,38,88,89,19,64,3,89,56,16,39,95,26,42,82,48,16,100,36,62,61,47,10,6,31,28,28,50,7,58,60,44,21,67,86,3,1,82,38,57,67,75,11,76,96,27,40,78,9,54,26,80,65,38,28,45,90,11,5,39,24,79,79
44,54,22,50,47,37,69,18,18,9,56,70,1,59,58,90,46,5,4,53,30,84,3,26,21,75,91,47,85,74,98,61,23,21,18,56,87,11,17,61,43,68,32,16,24,88,7,66,64,14,16,93,83,7,14,20,67,35,87,31,31,2,8,78,77,95,4,1,5,60,94,94,68,83,71,8,37,51,32,14,30,34,27,22,17,33,75,62,8,59,9,16,50,17,83,11,32,46,12,80
83,33,11,91,77,37,30,96,83,98,60,43,19,69,17,43,62,22,62,96,76,38,43,89,55,31,65,57,29,98,28,33,5,40,25,47,91,27,24,33,29,6,96,84,25,56,71,82,10,42,54,68,31,67,96,92,21,72,27,79,97,17,16,34,18,10,27,91,66,9,5,57,12,91,88,4,43,49,19,10,42,96,31,89,3,27,84,98,42,77,100,40,66,43,43,47,27,19,58,64
9,11,11,58,82,69,54,27,77,66,15,84,15,72,15,34,94,40,57,8,56,83,35,45,88,9,17,50,26,53,8,89,17,89,76,44,85,77,6,29,5,4,50,20,65,76,9,77,8,51,94,38,83,2,13,29,96,3,83,54,94,45,5,61,70,34,20,69,79,55,17,40,20,71,72,63,47,87,99,32,6,35,56,95,71,22,73,50,40,18,87,29,51,33,73,72,30,33,88,82
14,62,7,85,11,60,84,93,94,24,90,74,27,66,48,60,84,34,97,21,43,18,55,82,13,83,57,7,49,43,76,14,26,26,20,78,88,81,91,44,22,29,74,83,31,90,62,38,19,33,67,41,57,30,19,56,67,7,33,77,38,77,69,19,92,66,45,8,87,85,44,45,54,25,67,94,32,97,72,82,4,7,38,95,61,77,89,31,42,51,1,25,75,57,94,61,43,27,69,45
18,78,41,74,18,79,60,23,11,41,46,37,18,73,91,91,90,23,75,78,27,13,93,10,86,39,94,90,73,21,84,11,20,97,99,66,75,11,80,91,24,8,2,34,83,85,18,19,4,69,40,44,6,98,65,92,55,93,95,64,62,69,79,9,17,51,77,100,79,5,33,71,63,59,44,32,23,76,83,52,19,62,25,11,42,37,17,60,98,39,68,65,95,83,30,21,20,84,25,84
40,43,45,59,36,37,34,38,19,13,21,46,14,38,56,71,59,94,67,92,76,88,30,86,90,78,79,29,21,33,93,96,61,62,71,66,12,47,38,93,3,91,61,68,89,14,66,65,73,45,26,68,27,77,13,10,87,9,25,90,57,72,81,31,43,54,63,32,44,33,9,27,38,94,57,75,12,25,69,87,28,56,68,6,92,16,21,55,24,98,66,96,80,40,32,62,57,70,35,13
84,10,37,25,6,21,30,9,10,27,90,39,60,59,4,38,59,69,53,79,90,5,34,3,22,18,69,27,22,12,33,16,83,17,18,17,51,22,84,51,71,85,58,6,95,19,50,1,15,44,85,47,59,25,9,26,56,34,96,7,84,46,27,24,5,38,32,81,35,71,82,3,61,90,100,29,14,68,69,99,7,91,27,17,48,17,89,13,11,94,42,19,44,63,55,70,66,34,55,52
81,27,77,67,53,9,46,65,49,26,77,78,91,12,6,74,86,97,26,30,73,69,86,90,8,11,47,60,98,38,81,16,82,83,86,44,17,93,76,63,1,40,81,74,40,16,29,29,64,80,95,96,48,69,66,43,3,53,52,18,96,92,90,91,23,77,30,47,6,87,40,95,85,61,96,13,95,76,54,33,34,21,97,53,92,90,47,56,81,90,48,91,10,97,56,32,69,59,7,72
7,16,63,9,34,78,43,19,20,34,89,74,94,6,81,96,4,44,97,16,41,74,35,90,48,91,27,48,60,33,54,16,81,66,91,51,84,33,63,72,62,17,66,50,81,3,84,64,79,82,38,36,20,14,3,58,49,25,57,42,8,99,61,94,67,29,8,59,82,51,66,100,71,80,34,52,50,59,19,22,5,79,50,7,50,95,19,15,5,45,39,57,94,83,65,81,36,29,42,25
40,29,78,63,18,21,36,5,90,16,29,44,23,98,46,55,89,95,55,85,94,44,14,53,84,88,57,37,31,35,47,9,71,55,97,38,93,86,40,3,41,44,88,95,16,1,82,60,57,76,7,34,24,63,99,90,81,55,100,74,89,94,2,4,88,65,18,48,11,100,57,78,40,84,16,39,75,83,50,52,11,35,43,2,93,52,73,26,96,76,46,20,38,82,60,18,96,27,24,54
53,45,94,67,21,39,56,73,10,35,68,70,49,29,39,55,41,1,4,79,26,38,51,13,47,100,25,66,97,82,83,46,86,26,58,49,17,26,36,58,25,42,91,29,63,60,94,33,38,79,19,90,79,86,54,22,74,79,78,90,57,47,35,60,35,93,73,56,1,43,1,99,58,57,42,98,32,93,56,36,8,98,57,10,71,2,89,53,81,91,3,71,76,96,17,25,25,26,49,39
42,53,98,73,91,56,75,35,5,13,67,95,38,60,79,32,4,62,70,28,54,98,86,18,42,87,32,94,90,54,96,67,79,5,57,35,89,88,9,5,66,73,16,38,70,61,1,99,83,51,58,55,62,90,38,97,58,53,32,3,20,91,54,5,3,34,9,18,28,27,66,49,25,1,56,30,1,64,83,86,91,84,62,61,70,42,80,82,97,38,43,66,81,19,42,60,75,68,81,81
66,46,20,90,68,23,43,67,56,89,13,79,53,97,37,8,75,81,52,23,96,40,39,71,51,4,92,63,20,53,8,84,21,24,18,78,39,19,35,43,33,41,20,12,9,92,65,13,31,56,19,75,15,35,71,44,1,94,6,14,23,39,63,43,91,82,92,59,95,48,32,13,73,26,3,60,62,2,21,27,32,72,81,6,1,13,85,72,77,12,11,34,81,68,37,87,40,52,38,68
63,88,14,99,47,65,43,39,78,10,41,71,27,19,54,19,16,24,6,33,27,45,70,84,13,55,89,29,1,78,71,80,100,37,52,39,39,76,55,47,11,96,80,97,54,74,1,74,32,64,30,13,72,49,95,79,72,15,5,43,71,61,45,53,48,79,43,16,68,17,27,47,35,44,87,58,36,19,53,85,60,22,89,66,55,96,54,51,61,53,5,53,60,74,9,82,85,8,52,99
30,52,70,77,92,49,13,63,32,94,28,11,7,20,72,10,15,94,90,83,26,16,63,4,14,100,80,21,72,13,24,72,10,64,55,72,28,4,47,3,54,92,7,44,89,31,11,16,79,10,47,46,41,68,39,53,45,42,82,77,60,57,82,85,92,13,8,45,39,16,47,75,8,44,90,62,65,3,81,59,38,2,16,58,42,28,21,90,99,35,56,3,33,82,24,60,38,6,10,94
44,95,10,59,11,16,3,3,18,40,72,39,44,35,88,47,61,77,34,83,93,33,46,76,88,52,93,44,87,63,40,48,66,99,17,49,87,65,65,7,17,96,39,9,27,50,11,44,51,25,35,8,47,71,70,34,66,29,42,53,59,85,15,63,33,16,58,54,86,27,63,68,31,88,50,57,85,94,36,72,96,22,9,8,63,90,54,96,57,85,62,3,75,69,100,1,71,26,91,58
2,64,53,93,75,79,30,92,34,5,29,60,18,94,33,1,26,83,23,58,7,32,48,96,61,88,18,3,12,35,27,71,22,21,50,73,75,57,52,93,89,35,30,72,24,26,37,84,27,62,32,67,71,47,61,44,76,60,39,76,97,29,98,26,70,42,84,47,68,76,81,88,31,7,21,28,11,49,55,35,75,54,32,25,55,90,85,47,50,19,74,80,48,34,91,95,35,44,21,9
99,96,54,59,74,11,32,81,22,35,90,46,3,40,66,92,33,58,12,58,30,90,95,35,27,8,52,88,4,34,84,96,25,76,54,94,45,38,82,54,67,30,74,51,84,74,24,36,74,31,46,71,41,37,78,72,81,4,53,17,59,67,84,91,2,69,35,84,61,61,57,76,3,34,73,16,59,80,72,1,89,11,61,36,22,78,22,29,26,21,26,11,52,4,80,80,88,29,39,42
17,25,87,2,57,30,66,75,52,74,83,6,96,28,98,65,41,80,32,29,60,25,9,64,87,99,63,62,60,58,100,51,34,89,20,52,71,22,10,37,85,89,11,33,50,12,35,8,17,77,24,92,2,29,60,92,3,7,90,68,10,61,35,77,52,66,78,100,44,97,3,62,18,18,70,74,59,46,21,20,60,86,38,13,56,91,72,93,20,54,73,69,49,13,14,40,76,68,67,19
11,68,49,13,19,24,96,82,91,80,40,23,44,16,8,1,41,33,23,70,21,32,28,35,6,93,92,21,61,87,65,31,20,48,63,91,95,80,47,37,77,22,80,76,16,75,25,56,93,27,3,67,8,8,38,90,78,33,41,62,17,66,62,57,34,68,71,98,97,78,80,28,87,25,47,4,53,50,65,51,69,92,93,74,87,2,87,50,50,9,72,78,43,29,56,88,44,95,76,100
38,29,40,87,60,54,94,39,63,55,50,84,97,40,59,4,39,23,66,80,64,41,45,22,46,57,67,52,52,20,71,79,51,16,3,22,18,15,59,16,81,14,79,84,24,81,39,28,23,4,66,70,60,45,86,14,57,10,61,1,11,31,31,90,34,1,60,75,83,58,28,34,66,73,18,81,46,43,1,3,40,34,6,45,1,96,48,88,72,25,51,80,18,84,6,68,41,78,18,53
20,68,68,49,30,10,46,62,11,69,70,2,77,38,42,21,61,32,7,45,80,71,59,79,73,44,39,6,1,68,94,24,96,82,32,88,25,49,19,15,64,53,54,26,66,75,43,14,9,30,16,86,45,17,23,12,8,18,10,75,15,34,9,37,96,13,38,20,2,46,83,84,86,29,80,41,97,90,52,56,23,47,100,2,13,8,47,22,99,64,90,71,29,91,68,25,38,64,52,89
49,70,75,85,14,41,25,58,40,90,84,87,1,14,31,46,17,59,28,45,51,15,88,73,34,34,75,87,69,91,69,24,40,48,54,9,65,2,62,36,72,91,26,54,57,34,65,70,8,56,81,47,93,40,80,90,26,38,34,100,68,19,53,34,76,77,40,4,15,29,69,39,28,24,89,84,19,88,57,28,14,1,67,69,78,29,95,12,34,12,78,95,88,45,83,17,45,76,100,65
34,7,53,21,22,11,77,54,6,6,61,8,69,44,27,13,19,83,29,47,66,88,47,28,41,73,82,45,95,20,57,47,59,12,33,47,81,19,6,34,69,41,8,44,30,59,79,49,77,97,41,46,10,93,100,66,14,4,15,13,64,11,83,62,34,85,43,19,49,76,61,9,90,14,15,98,56,64,1,70,18,32,62,89,3,49,63,13,23,61,50,30,88,99,92,87,39,75,71,47
96,26,35,56,90,12,76,28,51,31,58,67,71,10,76,1,10,30,89,28,80,9,44,59,53,2,61,55,88,30,39,62,61,88,61,3,86,49,58,79,33,22,63,16,63,47,27,19,82,69,33,81,38,52,29,5,57,71,25,37,38,29,77,9,64,75,43,58,59,10,39,87,21,23,94,43,63,30,90,89,94,49,15,14,15,98,81,58,35,89,77,100,49,4,15,33,8,59,9,10
93,23,15,63,8,79,75,25,44,5,33,51,65,62,100,73,33,41,45,68,24,47,75,43,90,38,9,57,12,50,64,62,72,64,37,81,40,84,85,49,54,8,3,61,72,9,85,11,75,72,75,83,55,92,72,51,55,65,38,20,17,36,95,38,42,95,22,63,30,11,7,44,97,82,1,6,4,30,84,3,4,27,3,82,33,57,41,47,10,50,67,56,61,86,31,33,45,78,5,97
6,67,59,4,25,30,75,46,100,20,46,22,56,2,19,36,77,87,76,91,61,4,47,10,78,93,93,69,36,89,37,13,41,10,14,18,12,15,50,47,88,94,7,94,29,83,75,21,76,56,75,20,12,10,67,90,7,18,28,72,39,54,34,19,58,92,50,37,44,74,100,18,42,38,44,79,65,25,78,35,88,69,58,26,91,28,33,38,64,32,98,66,72,53,78,41,61,40,50,63
74,85,27,62,6,61,11,23,82,73,72,58,22,58,79,79,24,62,61,91,12,76,87,3,7,55,6,38,25,51,41,13,86,91,92,17,9,74,44,14,6,61,13,11,42,69,83,14,97,54,18,3,91,100,42,39,99,7,22,18,80,100,39,82,96,23,4,64,40,36,67,1,23,67,2,64,84,71,79,43,53,92,3,3,62,13,38,76,38,77,12,95,15,98,49,77,31,61,45,16
27,35,5,37,45,97,69,81,49,73,89,13,78,79,20,44,75,100,79,75,52,71,47,50,28,48,53,8,57,28,37,29,93,4,65,19,37,70,15,89,51,38,46,90,37,27,19,33,47,88,12,6,64,10,50,30,26,41,64,99,40,3,16,73,62,51,57,90,14,59,23,66,82,94,24,51,40,78,38,9,81,58,72,54,2,16,72,46,89,96,87,23,59,88,55,17,41,25,49,40
43,79,76,5,2,44,47,99,90,88,73,68,23,24,100,44,70,21,12,27,84,22,50,28,38,50,12,46,62,54,47,74,76,4,66,70,83,4,3,68,44,67,68,56,79,97,7,96,79,40,18,15,91,32,95,24,32,47,80,2,76,71,34,68,16,79,5,26,96,30,10,37,37,43,71,57,44,83,16,8,45,27,22,94,32,27,20,71,43,65,57,99,20,17,88,69,11,30,17,89
55,68,25,49,90,70,22,3,14,59,2,60,38,45,81,5,83,83,98,69,93,68,49,34,87,31,39,5,31,58,51,42,29,99,68,22,22,49,76,84,91,80,86,43,14,19,62,54,43,46,63,18,64,79,96,21,31,21,21,4,30,91,56,92,84,53,88,29,37,72,25,38,51,61,70,31,9,81,36,8,35,93,26,77,20,44,49,93,90,49,13,18,7,36,99,65,48,2,37,54
95,1,45,20,20,76,10,54,40,8,68,6,90,57,43,5,83,68,85,14,50,56,23,29,42,96,82,74,80,42,92,83,80,69,75,30,80,98,80,66,64,34,50,16,91,30,71,25,95,21,85,63,2,61,74,39,5,87,90,81,65,87,56,83,73,62,87,13,84,37,91,45,75,97,27,75,59,26,65,91,76,7,96,41,28,40,13,83,23,44,98,95,7,6,2,83,30,35,89,55
42,61,69,13,10,44,83,9,93,93,44,6,86,7,73,10,30,25,6,13,28,86,9,18,24,99,25,4,80,2,21,94,15,38,85,77,66,12,30,99,99,70,5,25,29,42,12,44,1,76,52,3,32,47,39,60,53,60,75,86,89,12,17,55,11,56,34,53,5,72,22,52,84,37,33,34,88,81,94,97,37,63,19,72,3,43,14,4,80,19,84,96,94,45,36,38,2,15,75,45
99,39,36,21,31,66,18,81,92,81,44,16,41,50,50,60,31,48,47,20,66,56,7,40,60,52,89,96,79,71,34,40,51,51,52,51,3,75,12,98,59,21,32,45,50,24,10,67,99,55,17,48,12,30,5,27,26,3,54,57,21,96,12,2,17,74,98,83,43,100,48,31,40,67,10,89,21,63,10,40,56,95,80,49,84,62,95,97,86,45,7,18,53,45,54,12,89,42,42,19
31,92,74,15,46,11,17,99,72,29,12,2,32,65,81,25,53,40,33,15,92,91,89,70,48,100,72,75,36,51,58,6,62,77,16,91,79,64,38,26,85,96,65,54,79,20,60,55,58,36,72,68,63,14,59,63,41,90,97,76,49,45,40,10,30,7,96,30,8,9,91,48,10,32,5,34,10,24,74,32,89,52,5,45,77,45,64,89,43,49,28,6,16,33,75,86,22,16,91,25
71,1,40,19,11,94,67,7,62,55,82,44,61,23,36,85,33,60,64,59,51,42,24,21,90,46,38,94,6,39,49,58,71,5,39,6,93,60,83,63,47,72,79,36,68,71,82,61,35,71,91,12,7,30,57,81,95,46,57,52,12,88,84,52,43,50,99,79,32,47,20,1,27,89,76,80,19,39,6,56,85,96,31,95,73,2,44,64,59,87,41,27,65,92,98,72,69,83,10,29
67,47,69,5,100,19,90,94,35,99,33,84,92,84,8,86,84,81,24,8,98,36,87,67,94,43,25,52,71,7,27,75,39,73,83,44,50,50,85,73,55,17,29,78,15,19,82,87,56,11,22,24,68,17,36,11,92,6,22,59,14,87,19,96,53,23,16,44,95,10,45,18,80,30,33,81,67,46,76,80,25,28,97,58,83,4,71,2,10,72,63,55,59,50,70,58,16,74,19,53
54,43,71,64,34,27,52,2,94,72,25,62,91,98,60,97,82,11,58,83,20,49,72,45,82,22,26,25,100,36,58,33,73,71,18,58,84,57,67,50,18,45,50,89,70,53,9,39,30,1,88,29,48,32,89,73,13,11,86,20,7,36,51,85,28,34,1,56,86,73,62,31,94,30,53,6,74,51,47,80,44,53,27,79,77,40,53,98,26,63,92,78,32,72,28,75,98,10,95,56
70,47,45,29,30,80,71,69,13,84,35,53,60,85,92,49,56,83,61,73,12,26,88,44,71,20,77,26,17,24,88,50,89,46,33,57,14,43,97,85,64,64,82,74,13,30,74,75,16,60,22,18,31,11,63,65,60,100,87,51,8,64,13,94,83,56,25,99,18,92,60,75,57,91,96,41,64,55,5,87,83,92,13,72,13,98,66,39,60,9,42,61,68,67,96,76,51,83,11,42
67,78,2,54,7,49,16,79,74,44,38,87,34,51,20,23,27,85,60,93,30,93,94,18,75,84,5,76,12,21,7,23,6,59,97,83,76,8,95,20,97,93,60,41,95,47,91,16,67,66,84,33,52,84,63,48,36,87,32,6,63,87,87,98,80,75,35,69,54,9,67,59,94,50,67,97,47,35,85,80,16,22,61,15,39,55,78,40,53,12,72,32,40,84,91,56,90,23,39,91
18,33,34,70,30,77,96,54,65,48,55,10,86,28,44,23,69,36,45,50,40,47,14,20,90,73,69,100,92,82,45,94,14,34,81,13,93,30,12,13,54,53,54,61,89,93,46,6,69,59,86,81,71,98,30,94,72,62,33,6,42,3,77,38,28,42,24,98,30,52,27,71,60,21,48,42,32,30,17,1,76,83,65,70,3,92,62,52,92,58,98,44,22,26,46,81,73,11,29,31
13,79,43,50,5,40,55,89,84,57,57,91,45,75,75,54,24,44,4,66,43,26,40,62,7,53,63,36,49,40,9,49,87,18,23,31,84,57,65,1,48,63,34,65,52,22,8,34,80,91,53,30,82,22,8,10,53,3,85,34,64,8,57,33,62,51,76,10,91,56,43,81,99,3,65,34,65,71,12,92,88,14,88,40,1,33,51,56,67,47,44,85,25,77,74,68,50,67,8,65
100,48,28,54,51,28,68,90,40,27,40,11,91,24,4,77,46,58,52,90,32,44,99,27,34,83,75,76,86,6,57,54,43,40,100,1,26,64,49,16,80,69,42,13,68,1,25,82,35,64,48,78,32,71,30,60,27,33,50,64,86,38,39,79,11,13,23,90,9,69,80,86,77,18,67,64,57,94,28,2,51,44,90,13,1,30,49,96,50,55,64,63,39,42,56,54,61,96,20,29
18,4,20,45,77,4,4,63,75,75,40,52,4,96,95,35,39,71,41,54,70,71,65,56,1,52,98,12,81,38,54,23,42,92,7,96,22,94,7,54,10,93,80,50,98,91,74,38,26,53,89,56,32,4,24,24,50,47,6,90,77,15,50,22,67,22,45,6,79,30,94,12,19,31,24,86,67,60,32,3,58,88,6,65,17,88,12,86,64,4,91,28,4,6,100,69,35,82,42,26
4,18,83,13,64,68,81,14,84,51,52,15,54,63,77,47,54,75,11,29,10,41,90,95,83,56,39,60,19,78,77,10,96,23,43,77,53,98,90,52,89,16,35,32,13,69,5,98,35,26,7,56,35,62,35,4,86,10,78,68,98,4,89,96,35,30,26,13,18,61,47,66,52,97,81,79,13,60,61,72,86,71,76,50,16,78,92,48,9,58,88,52,35,88,39,96,53,63,30,36
57,73,43,50,9,43,75,22,33,65,66,56,72,61,56,64,100,76,46,98,41,19,49,72,51,22,27,44,25,17,24,7,76,37,41,76,40,10,50,39,1,41,47,58,76,52,43,61,33,6,51,74,67,67,85,58,73,58,43,69,79,79,91,94,67,45,35,64,72,20,31,76,65,79,51,54,68,74,68,54,99,50,86,7,52,40,44,88,5,63,15,89,56,98,89,63,80,33,71,81
89,48,89,86,9,46,13,19,56,31,96,1,18,18,19,92,76,39,46,4,30,86,2,68,37,59,88,74,6,92,59,82,99,33,41,14,48,67,78,32,52,32,37,95,83,53,55,34,93,74,63,78,87,4,17,85,20,33,28,70,94,33,50,37,30,25,91,38,24,66,44,71,87,68,44,75,69,38,99,53,80,61,49,53,42,89,43,39,76,49,21,18,56,12,90,82,28,28,24,54
67,16,40,88,78,61,53,5,98,14,73,77,34,10,50,17,99,43,56,33,31,59,63,96,23,15,81,27,61,32,46,78,24,9,12,35,100,61,7,1,68,70,68,43,79,11,96,93,76,17,74,91,77,1,16,56,16,46,34,80,74,82,53,35,69,27,2,32,21,70,31,61,61,85,71,74,94,46,100,51,36,8,8,32,60,43,3,5,33,17,63,83,7,51,39,19,30,44,96,60
20,35,77,28,91,6,33,11,55,48,41,85,19,26,52,72,24,96,81,98,11,38,24,78,54,6,47,10,78,33,87,20,10,52,43,16,61,48,27,82,57,90,57,4,20,100,21,90,29,29,23,14,88,15,51,84,38,58,37,67,26,18,91,70,40,90,14,80,22,46,28,4,100,43,56,45,83,51,76,7,51,25,10,86,28,47,52,31,7,76,78,19,59,76,73,76,35,36,31,24
37,61,40,21,54,32,55,62,34,37,84,92,33,86,100,58,53,58,71,37,60,23,53,61,29,69,10,46,52,21,67,90,39,84,62,50,95,36,66,64,48,50,66,93,43,36,12,86,61,26,3,80,88,87,61,21,87,8,80,52,72,68,58,72,40,59,39,31,98,16,14,20,13,71,26,86,18,93,28,24,26,3,21,1,60,43,97,33,93,80,25,10,48,11,92,23,88,88,16,11
47,20,81,57,11,78,40,94,62,79,14,99,41,92,86,44,6,85,88,31,29,22,73,95,7,61,57,65,3,77,36,69,51,91,99,81,50,48,14,45,33,81,50,93,2,63,65,26,77,55,14,19,18,28,17,63,69,6,4,34,70,88,78,81,21,94,85,61,39,43,17,34,30,49,8,50,95,46,96,12,51,85,78,21,59,46,28,47,6,30,37,4,67,4,91,42,10,1,56,65
99,74,76,65,83,70,42,36,37,79,7,51,55,70,97,89,76,28,6,13,16,53,61,6,9,22,19,14,100,7,35,66,58,73,22,64,44,68,64,25,61,33,40,36,33,40,11,29,85,55,77,3,86,54,64,18,64,31,73,94,78,76,67,60,73,62,22,47,64,60,50,65,48,83,59,95,20,64,42,99,8,2,41,89,13,70,75,49,7,51,35,2,79,45,9,80,21,70,80,99
16,25,38,42,34,13,19,42,76,67,9,28,5,73,68,40,61,63,22,92,1,44,59,27,7,41,54,46,51,96,26,100,98,39,36,69,78,96,39,81,92,55,48,26,14,1,99,78,91,79,97,13,96,53,85,29,15,53,88,25,75,23,47,10,82,26,94,30,5,33,9,22,13,44,68,80,22,46,22,8,6,56,83,22,8,10,12,71,58,24,46,97,20,13,4,40,31,34,45,11
86,92,22,21,30,14,26,99,42,14,17,11,56,23,41,18,86,59,46,14,29,75,44,99,41,63,36,66,34,16,96,4,50,30,27,64,75,9,77,83,69,39,7,79,46,55,25,71,60,87,39,14,78,57,79,2,8,57,29,52,32,36,22,56,93,11,97,84,24,84,93,8,23,86,59,14,1,56,63,7,64,12,15,32,4,74,77,37,44,20,18,89,97,98,58,5,36,31,100,19
65,27,80,95,75,10,3,95,50,3,33,51,28,58,94,64,99,97,96,34,56,8,25,78,13,56,32,83,18,29,30,43,41,70,30,73,45,80,66,86,95,90,42,52,58,51,61,50,7,79,100,13,88,34,27,71,88,25,66,75,52,37,61,5,52,55,38,58,88,13,15,99,19,1,54,24,31,5,2,67,62,59,74,35,17,14,77,95,3,81,75,5,54,95,1,21,73,65,44,1
38,77,95,9,2,1,93,68,70,56,31,59,25,82,48,63,93,9,80,90,88,85,43,48,45,13,73,31,63,69,16,49,100,89,19,86,6,60,39,47,10,68,97,57,80,25,82,97,22,97,33,94,7,42,32,96,43,92,24,26,78,27,19,76,20,45,99,8,47,26,17,21,68,100,48,13,28,81,5,35,9,63,15,81,53,50,55,27,5,7,10,68,92,94,20,5,89,93,31,84
20,19,33,11,5,43,66,99,98,31,2,77,25,41,24,33,41,51,46,50,5,68,2,69,90,17,52,41,58,15,37,59,27,93,3,63,9,92,31,98,52,83,79,69,42,5,84,48,87,19,14,28,65,42,19,75,49,83,63,85,58,34,20,66,61,70,13,27,1,94,72,99,33,28,33,54,59,68,19,13,61,75,84,58,85,26,17,75,24,20,90,98,65,99,3,64,6,90,25,49
43,29,68,15,67,66,94,77,33,94,54,9,16,99,40,81,1,53,34,62,91,14,61,42,36,1,80,89,76,52,75,9,67,9,45,19,80,11,35,85,12,12,73,10,54,85,49,100,42,94,39,95,33,99,45,76,47,45,8,54,96,9,87,60,20,76,77,18,47,66,68,62,80,4,44,6,40,21,21,64,55,31,55,82,31,60,94,91,13,98,9,23,16,70,80,26,8,100,97,47
49,10,44,17,61,73,17,34,84,99,10,67,96,9,71,100,55,10,6,59,14,86,96,39,13,42,21,71,16,73,71,67,97,49,25,58,66,30,92,8,55,28,77,88,93,5,77,50,67,5,57,64,65,6,33,55,52,99,97,92,18,46,13,23,42,40,58,57,83,76,36,25,55,16,77,47,19,2,72,75,86,92,97,9,20,23,21,59,64,58,79,9,6,71,20,42,2,8,23,91
13,58,84,63,53,54,93,67,74,29,15,52,94,33,56,99,21,91,75,70,84,20,10,22,57,49,68,25,36,93,71,6,68,13,87,17,4,6,46,24,69,77,76,95,90,32,92,51,79,25,64,88,88,40,28,29,28,58,61,36,91,46,65,72,86,57,63,21,88,82,10,52,24,48,100,99,40,77,45,81,65,79,8,20,7,96,2,91,48,59,85,36,2,38,96,18,20,13,40,42
59,69,77,58,73,11,80,25,96,81,64,18,82,52,76,13,22,89,51,3,81,61,4,39,88,16,6,76,15,74,1,56,30,26,53,91,56,51,45,82,15,22,85,10,55,79,91,77,25,1,55,37,38,80,94,25,24,24,39,94,76,3,44,73,43,21,49,50,31,5,1,72,69,89,27,69,16,57,85,27,28,11,94,63,95,7,61,6,11,96,46,74,20,7,78,89,3,99,23,55
23,55,17,6,71,64,58,30,4,90,86,94,73,7,100,24,33,44,20,53,92,55,89,3,35,67,81,30,86,75,38,72,54,89,92,8,72,77,46,41,78,4,78,85,91,98,22,39,56,68,32,24,77,60,40,29,90,82,4,93,29,64,62,35,93,95,23,73,24,42,38,26,5,29,80,88,84,66,39,44,11,29,36,7,25,19,61,56,44,11,61,61,53,45,82,35,47,10,28,70
39,43,87,94,79,13,45,69,36,60,98,60,18,73,97,3,10,79,43,4,14,17,25,48,5,2,68,28,34,41,91,49,1,20,98,34,12,29,95,47,40,44,98,91,6,59,55,46,23,91,16,19,17,31,38,97,91,46,86,59,63,6,74,4,38,52,15,96,84,73,79,12,58,79,14,50,15,64,84,41,7,91,7,75,63,63,47,1,91,88,36,46,15,55,43,21,25,69,42,8
59,65,99,73,29,14,26,53,67,89,58,45,37,56,54,61,75,15,17,83,51,1,1,34,15,12,95,1,28,24,32,62,89,13,59,59,22,23,22,96,90,94,12,2,81,78,79,14,1,58,16,55,52,91,60,24,61,25,61,11,47,17,31,85,70,28,64,77,44,14,45,55,100,18,4,29,68,74,75,61,63,12,97,61,21,30,60,16,57,90,76,92,8,55,31,80,92,93,100,51
26,65,52,74,70,10,76,42,29,95,100,95,19,53,97,12,75,62,76,34,41,78,82,98,8,96,10,38,1,53,60,22,41,55,12,48,82,34,89,97,31,27,40,53,34,73,20,76,77,16,14,26,63,10,7,54,37,96,85,37,13,69,5,78,59,23,81,9,51,64,10,22,37,74,46,19,76,89,59,78,70,79,65,80,25,14,73,41,74,22,59,1,56,79,69,3,72,15,92,49
30,68,89,7,56,15,23,61,24,55,56,66,1,83,12,41,55,27,37,85,18,77,15,56,75,98,91,44,81,22,30,65,31,32,93,81,14,46,2,77,7,57,50,66,23,66,75,57,3,51,71,31,72,32,21,21,60,15,51,28,55,56,84,51,11,96,67,94,19,25,81,32,56,25,57,97,2,67,17,95,28,11,43,17,75,19,41,24,99,17,62,52,99,61,86,4,49,89,56,86
62,64,59,87,40,17,7,76,72,73,52,46,32,86,6,89,34,45,95,25,58,43,88,85,46,4,51,31,50,85,13,39,96,39,60,54,89,74,35,58,22,36,26,39,83,67,48,65,40,57,47,2,31,89,73,44,67,52,1,27,97,1,37,71,42,69,48,98,16,84,66,98,93,9,24,76,15,13,53,14,43,77,60,74,16,96,60,54,59,65,85,15,17,95,88,53,8,2,60,62
27,95,16,94,7,20,77,59,63,58,34,84,70,79,31,55,84,85,2,59,61,6,10,41,67,50,62,30,54,67,39,11,47,80,89,23,93,51,77,92,9,3,4,65,35,94,59,80,26,19,12,59,27,66,58,15,90,98,92,23,45,29,67,80,93,71,95,61,91,84,46,31,26,86,15,96,4,72,47,26,37,67,35,76,83,30,43,32,51,19,46,51,16,64,90,94,54,35,8,12
83,21,20,99,79,32,68,56,60,3,44,54,63,32,59,37,56,20,83,94,22,59,36,47,70,87,32,25,88,82,82,38,29,84,43,71,2,39,35,50,96,51,98,77,17,54,27,23,21,33,71,97,92,69,21,38,9,65,42,1,60,38,90,34,6,66,60,96,100,46,54,95,84,69,68,68,81,45,38,38,9,78,22,89,10,24,13,71,54,12,89,57,17,88,85,61,67,24,58,61
99,71,41,86,34,32,72,59,67,45,50,56,55,46,54,21,96,31,63,5,52,18,60,83,58,25,8,94,73,80,99,27,9,69,61,15,38,91,62,17,2,83,73,58,3,40,9,86,67,72,18,85,62,48,85,80,54,62,74,90,12,15,28,92,39,78,23,34,40,40,53,42,18,96,36,19,5,65,10,100,7,94,4,43,98,67,35,59,61,37,50,65,8,13,49,61,61,99,90,17
74,24,75,79,61,22,65,52,5,65,8,69,44,76,91,45,90,49,54,6,99,73,59,100,63,84,86,87,67,47,87,25,59,42,8,66,17,97,46,33,12,26,15,64,96,68,30,91,92,56,81,1,10,15,43,82,43,47,16,46,20,8,100,58,25,59,69,91,83,97,63,2,88,99,52,29,67,65,26,35,13,18,16,19,66,1,55,24,77,41,63,21,72,82,49,65,42,85,47,40
35,12,83,52,75,26,42,9,35,53,89,37,29,11,55,96,36,34,66,3,49,54,67,53,88,82,15,40,18,31,9,63,16,65,93,64,55,63,2,30,2,5,15,28,69,45,92,30,1,15,52,64,63,96,55,91,62,58,82,58,17,47,84,29,23,51,33,1,96,1,65,32,28,54,70,6,46,68,34,90,68,3,38,31,29,8,13,7,61,9,57,35,45,98,7,93,12,80,40,54
59,61,79,18,11,90,40,72,46,38,7,24,51,11,44,13,55,80,73,69,70,26,65,93,67,63,38,48,56,69,34,53,8,22,65,23,11,14,60,56,22,25,71,84,87,14,48,73,75,39,55,36,20,89,53,55,56,92,91,32,4,38,80,27,36,88,75,49,90,40,20,16,85,91,60,5,81,6,38,24,22,84,88,33,87,31,9,1,73,69,73,33,52,24,46,22,82,91,11,88
11,46,32,40,13,71,82,100,25,94,44,58,77,27,55,48,35,99,10,60,42,92,44,74,88,1,63,57,96,99,24,42,59,62,11,19,4,62,61,7,2,67,39,43,94,44,27,34,80,40,21,12,78,44,19,82,23,38,78,100,28,83,66,90,93,40,100,15,85,49,81,100,81,48,51,28,36,23,15,23,24,48,45,45,4,23,29,19,44,55,55,62,61,92,60,89,25,79,66,66
91,46,54,14,55,56,32,36,72,83,83,87,77,53,72,86,63,16,88,12,4,76,14,57,47,38,100,49,60,77,32,22,29,68,71,17,94,39,65,7,65,33,8,64,69,55,77,28,91,58,79,55,87,84,9,71,11,23,76,99,24,54,55,37,51,25,27,32,69,62,20,46,19,89,78,18,3,17,32,100,1,11,64,37,77,70,68,50,65,99,79,60,89,68,12,5,51,84,100,79
88,67,9,4,49,19,82,98,86,85,40,41,58,98,2,5,80,24,2,80,30,89,76,97,15,91,52,27,81,83,99,86,37,61,40,15,98,100,35,17,52,66,42,84,92,40,78,18,98,2,53,42,34,33,47,5,1,43,41,97,36,82,39,16,81,29,94,18,18,8,42,55,98,3,69,68,22,93,29,96,73,9,39,63,90,71,46,62,18,22,45,69,13,73,35,82,81,33,68,13
82,78,12,94,90,22,79,35,29,38,62,12,75,72,81,70,75,71,30,62,81,7,25,83,7,69,100,99,99,71,55,87,73,35,9,21,37,29,50,95,25,2,15,28,26,40,3,67,12,58,58,52,14,37,4,15,6,28,71,67,14,47,83,95,36,91,70,60,24,15,24,27,26,13,32,91,72,52,83,64,57,12,84,94,62,86,50,13,88,92,92,17,30,69,27,4,51,75,43,53
27,36,14,31,80,8,86,89,74,60,82,45,65,32,15,98,13,38,18,8,35,19,66,96,72,38,23,19,89,60,75,29,86,37,22,96,65,71,71,82,20,72,80,41,89,76,88,54,52,94,43,89,77,80,44,24,33,45,57,73,100,2,60,66,46,71,10,66,44,66,28,89,78,75,84,36,55,68,35,51,56,17,77,29,73,56,6,14,26,67,9,66,7,80,59,42,31,67,66,90
60,67,68,30,74,92,51,46,14,88,89,31,13,30,48,29,83,98,93,7,9,74,86,65,31,64,40,87,22,76,85,62,35,18,25,2,7,54,89,72,10,40,94,56,93,53,80,83,83,11,73,15,32,10,56,25,78,63,59,34,52,1,79,99,96,86,25,35,3,22,1,11,82,40,67,11,87,67,88,36,75,98,13,25,47,58,8,32,36,75,100,77,15,53,44,60,87,29,59,11
3,42,50,34,6,71,64,42,84,94,94,41,51,86,26,14,3,98,7,14,52,70,9,38,68,25,70,4,4,50,17,78,97,80,23,96,21,20,6,98,37,4,1,45,31,50,33,27,64,74,8,44,26,96,64,18,34,54,35,53,39,17,99,20,14,38,94,6,27,12,93,83,50,40,59,80,74,9,27,77,83,29,10,93,76,54,34,9,31,38,73,40,7,76,42,20,6,34,75,64
43,85,19,47,8,56,96,22,14,67,20,84,35,92,37,69,42,65,59,79,37,78,98,48,66,58,7,34,46,87,91,96,96,50,71,3,4,69,10,100,1,41,66,10,8,9,67,18,96,98,60,6,21,1,4,24,62,39,71,28,25,37,79,83,8,64,48,5,99,5,53,43,92,61,2,47,11,23,78,79,40,60,67,93,1,86,34,41,97,48,56,40,19,51,6,80,74,91,65,9
32,84,50,65,9,32,45,13,59,21,26,41,10,64,67,91,74,87,64,10,74,51,4,92,54,99,75,75,2,7,11,92,21,36,76,98,47,6,65,99,61,72,68,75,77,26,30,44,95,61,87,39,7,30,71,28,100,88,17,72,37,72,86,50,71,4,89,6,32,17,47,93,11,3,84,69,98,29,61,3,14,86,38,31,20,45,99,29,20,11,15,70,77,91,26,22,91,4,51,42
17,26,15,3,80,17,7,31,37,66,90,40,15,26,17,62,79,41,66,24,53,43,84,2,72,85,43,65,48,97,75,39,77,78,55,30,16,19,77,16,48,93,26,4,9,45,93,48,97,72,45,73,56,5,17,96,65,31,1,78,40,16,49,60,94,93,78,8,58,52,53,53,14,39,12,69,74,92,2,6,20,25,11,8,10,39,76,64,10,89,84,24,90,13,25,18,47,70,94,72
18,62,6,85,95,63,87,73,81,8,60,37,20,9,28,90,37,64,87,25,81,62,84,16,51,29,82,17,96,10,73,17,62,24,56,53,100,5,99,96,31,99,85,43,73,64,29,79,7,31,66,10,41,45,60,35,54,41,57,9,93,28,88,5,11,47,2,2,62,87,34,88,86,6,85,43,2,23,71,33,73,73,63,79,17,60,65,22,70,45,73,95,52,86,71,62,47,21,61,11
